0
65
2
f0b7042b
391fc6
66
2
5
2
6a
1
cc041115
16b
7b
33333333
33333333
33333333
33333333
33333333
33333333
33333333
33333333
33333333
33333333
33333333
33333333
33333333
33333333
33333333
33333333
33333333
33333333
33333333
33333333
33333333
33333333
33333333
33333333
33333333
33333333
33333333
33333333
33333333
33333333
33333333
33333333
33333333
33333333
33333333
33333333
33333333
33333333
33333333
33333333
33333333
33333333
33333333
33333333
33333
0
0
0
a0
a
0
0
90000000
90000000
900000
0
0
a0000000
900000
c000
0
0
a000000
900000
a00000b0
0
0
0
900000
0
0
0
0
a00000
9000c0
a00000b0
0
0
0
90
9000c000
0
0
0
0
900000a0
0
0
0
77777700
77777777
77777777
80000
800
87077000
87078787
7078787
77
0
7700000
7878787
7078787
807787
0
70808088
87078707
7878707
770707
0
80000000
7878770
87078787
77070787
8880
88888000
87077080
7878787
7078787
8077
800000
7708000
87870787
7078707
1006b
38
8807707
80
70808000
87078707
87870787
770707
0
8800
77777770
77777777
7777777
0
0
400000
0
40000000
0
0
0
0
0
0
0
0
0
0
0
0
0
0
0
0
0
0
0
0
0
0
0
0
0
0
0
0
0
0
0
0
0
0
4000
0
0
0
0
0
67
