101
2
-2143720804
3743905
102
2
5
2
106
1
-872148715
363
123
858993459
858993459
858993459
858993459
858993459
858993459
858993459
858993459
858993459
858993459
858993459
858993459
858993459
858993459
858993459
858993459
858993459
858993459
858993459
858993459
858993459
858993459
858993459
858993459
858993459
858993459
858993459
858993459
858993459
858993459
858993459
858993459
858993459
858993459
858993459
858993459
858993459
858993459
858993459
858993459
858993459
858993459
858993459
858993459
209715
0
0
0
160
10
0
0
-1879048192
-1879048192
9437184
0
0
-1610612736
9437184
49152
0
0
167772160
9437184
-1610612560
0
0
0
9437184
0
0
0
0
10485760
9437376
-1610612560
0
0
0
144
-1878999040
0
0
0
0
-1879048032
0
0
0
2004317952
2004318071
2004318071
524288
2048
-2029555712
-2029549689
117933959
119
0
124780544
126322567
117933959
8419207
0
1887469704
-2029549817
126322439
7800583
0
-2147483648
126322544
-2029549689
1996949383
34944
-2004320256
-2029555584
126322567
117933959
32887
8388608
124813312
-2021193849
117933831
65643
56
142636807
128
1887469568
-2029549817
-2021193849
7800583
0
34816
2004318064
2004318071
125269879
0
0
4194304
0
1073741824
0
0
0
0
0
0
0
0
0
0
0
0
0
0
0
0
0
0
0
0
0
0
0
0
0
0
0
0
0
0
0
0
0
0
16384
0
0
0
0
0
103
0
